1 134217728 9178773
3 134217728 15498735
5 134217728 11814744
7 134217728 8444335
9 134217728 6560482
11 134217728 5144175
13 134217728 4573718
15 134217728 3729715
17 134217728 3553389
19 134217728 2879824
21 134217728 3178343
23 134217728 2210443
25 134217728 2134074
27 134217728 1652430
29 134217728 1536949
31 134217728 1391321

1 67108864 5103475
3 67108864 7481858
5 67108864 5828298
7 67108864 3845122
9 67108864 2723404
11 67108864 2185613
13 67108864 1689555
15 67108864 1350360
17 67108864 1153049
19 67108864 886968
21 67108864 859073
23 67108864 569509
25 67108864 499657
27 67108864 308313
29 67108864 245814
31 67108864 227334

1 33554432 2519312
3 33554432 3626016
5 33554432 2238111
7 33554432 1286906
9 33554432 827773
11 33554432 402767
13 33554432 256758
15 33554432 142226
17 33554432 107203
19 33554432 102752
21 33554432 76866
23 33554432 58966
25 33554432 54857
27 33554432 55108
29 33554432 49113
31 33554432 44645

1 16777216 893560
3 16777216 735188
5 16777216 354263
7 16777216 170678
9 16777216 104177
11 16777216 83932
13 16777216 61338
15 16777216 48845
17 16777216 68887
19 16777216 36984
21 16777216 45573
23 16777216 31406
25 16777216 28464
27 16777216 26481
29 16777216 27309
31 16777216 24952

1 8388608 297083
3 8388608 169015
5 8388608 92196
7 8388608 64764
9 8388608 56826
11 8388608 42391
13 8388608 34075
15 8388608 36078
17 8388608 30744
19 8388608 27031
21 8388608 25099
23 8388608 22136
25 8388608 19322
27 8388608 17051
29 8388608 15590
31 8388608 14995

1 4194304 79146
3 4194304 56978
5 4194304 41712
7 4194304 25585
9 4194304 19028
11 4194304 20433
13 4194304 17478
15 4194304 15242
17 4194304 13431
19 4194304 11809
21 4194304 10905
23 4194304 9780
25 4194304 8588
27 4194304 7603
29 4194304 6509
31 4194304 5822

1 2097152 37370
3 2097152 26970
5 2097152 20351
7 2097152 15902
9 2097152 12420
11 2097152 10227
13 2097152 8723
15 2097152 7490
17 2097152 5721
19 2097152 4507
21 2097152 3525
23 2097152 2069
25 2097152 1378
27 2097152 1235
29 2097152 1121
31 2097152 1057

1 1048576 18721
3 1048576 13538
5 1048576 10250
7 1048576 7784
9 1048576 5284
11 1048576 3172
13 1048576 1618
15 1048576 1132
17 1048576 929
19 1048576 859
21 1048576 782
23 1048576 737
25 1048576 672
27 1048576 629
29 1048576 589
31 1048576 559

1 524288 9396
3 524288 6739
5 524288 3615
7 524288 1312
9 524288 912
11 524288 742
13 524288 642
15 524288 581
17 524288 528
19 524288 480
21 524288 439
23 524288 406
25 524288 395
27 524288 355
29 524288 334
31 524288 296

1 262144 2748
3 262144 1371
5 262144 834
7 262144 637
9 262144 508
11 262144 420
13 262144 371
15 262144 262
17 262144 205
19 262144 189
21 262144 175
23 262144 165
25 262144 156
27 262144 149
29 262144 143
31 262144 138

1 131072 1335
3 131072 733
5 131072 476
7 131072 358
9 131072 193
11 131072 165
13 131072 151
15 131072 137
17 131072 127
19 131072 120
21 131072 114
23 131072 110
25 131072 105
27 131072 100
29 131072 98
31 131072 95

1 65536 690
3 65536 384
5 65536 177
7 65536 141
9 65536 123
11 65536 110
13 65536 104
15 65536 97
17 65536 92
19 65536 89
21 65536 86
23 65536 85
25 65536 81
27 65536 82
29 65536 78
31 65536 76

1 32768 359
3 32768 158
5 32768 118
7 32768 101
9 32768 92
11 32768 86
13 32768 81
15 32768 79
17 32768 75
19 32768 74
21 32768 72
23 32768 71
25 32768 70
27 32768 70
29 32768 68
31 32768 67

1 16384 206
3 16384 107
5 16384 87
7 16384 81
9 16384 75
11 16384 71
13 16384 70
15 16384 69
17 16384 68
19 16384 66
21 16384 68
23 16384 65
25 16384 64
27 16384 65
29 16384 64
31 16384 63

1 8192 132
3 8192 82
5 8192 74
7 8192 70
9 8192 66
11 8192 65
13 8192 65
15 8192 65
17 8192 64
19 8192 64
21 8192 63
23 8192 64
25 8192 62
27 8192 61
29 8192 61
31 8192 61

1 4096 97
3 4096 72
5 4096 66
7 4096 64
9 4096 62
11 4096 62
13 4096 61
15 4096 60
17 4096 70
19 4096 61
21 4096 59
23 4096 60
25 4096 61
27 4096 60
29 4096 59
31 4096 60

1 2048 77
3 2048 66
5 2048 63
7 2048 62
9 2048 70
11 2048 60
13 2048 60
15 2048 60
17 2048 61
19 2048 59
21 2048 60
23 2048 59
25 2048 60
27 2048 59
29 2048 60
31 2048 59

1 1024 68
3 1024 62
5 1024 60
7 1024 60
9 1024 59
11 1024 60
13 1024 60
15 1024 58
17 1024 58
19 1024 59
21 1024 59
23 1024 59
25 1024 59
27 1024 59
29 1024 59
31 1024 59

